BombergV6 subsurface 782144 14990 700371.562783239 0.269275357610648 0.00387244797698857 0.269275357610648 0.140780788818273 NA 0.589252726834783 0.0192009827931544 0.0966919135095328 0.0172271238133934 75627 12.8155429179282 57.2549107239487 1.89920264955918 26427.8568720379 26526.5065159495 14990 14990 1104.58565833453 16.9495539559633 1 60993.5589660498
BombergV6 subsurface 210672 5599 165151.771676104 0.269346652093485 0.00850118053760124 0.269346652093485 0.166950121373459 0.0656112637316988 0.60806286105588 0.0337881058187996 0.0869076099339257 0.0210092376266821 18309 15.5920103288524 29.2487472694478 1.88402138604228 10731.722513089 11008.7781221568 5599 5599 456.679201283884 12.1985176352666 1 43658.452679891
BombergV6 subsurface 184704 7828 36500.1913769005 0.306310677698973 0.0150257509327565 0.306310677698973 0.202231173149149 0.0919974534902518 0.671845753164947 0.052636203135454 0.0368048336798337 0.00850184136651944 6798 6.5688886001386 19.2922738474598 1.90216722584945 14409.4074074074 14746.6154280454 7828 7828 645.445401392624 18.2143076010592 1 27317.0754689159
BombergV6 subsurface 246233 7591 112009.027416317 0.285408104300372 0.00930759659511236 0.285408104300372 0.179069688201477 0.0733578845988117 0.62994821311054 0.036524295656054 0.0583796647890413 0.0141534872011129 14375 11.2032099677947 26.3141377650696 1.85704950482906 14054.5445736434 13933.8257681351 7591 7591 611.404825602266 15.2976902577673 1 28676.6443377808
BombergV6 subsurface 474481 6534 3092458.6930506 0.265634354592146 0.00170255799849136 0.265634354592146 0.110578577976462 NA 0.471492831236115 0.00947894155918361 0.276099569845789 0.0898915677038173 131004 32.8561101498269 64.813140013947 2.08000641211748 12690.0731707317 12972.0364081249 6534 6534 499.847863002162 9.48570724441001 1 105522.878404891
BombergV6 subsurface 227827 7854 119553.779259675 0.29715747032156 0.00698995245996563 0.29715747032156 0.183467260770271 0.0777080313115008 0.625759320196021 0.0347347834099244 0.0883565161284659 0.0182152392973568 20130 13.1253099939867 35.7751193385151 1.88211557830915 14322.6513274336 14514.3720754229 7854 7854 636.57444781957 16.4546368215206 1 28193.877033394
BombergV6 subsurface 254728 7213 231927.247187994 0.292169514302713 0.0053493439319757 0.292169514302713 0.160592302120511 0.0623291038852836 0.582151976003205 0.0242930651900992 0.0980536101253101 0.0259169294427403 24977 16.5714016519582 34.2810250516904 1.97710249980134 14182.8489425982 14544.0783221655 7213 7213 579.372433200022 14.2914926180304 1 50910.5439623681
BombergV6 subsurface 296552 11878 191928.963598896 0.315532263523577 0.00323744823002821 0.315532263523577 0.203679680359063 NA 0.613449046733416 0.026519418361447 0.112175942161914 0.0260048196817083 33266 18.7663546359492 54.9557974550903 1.7255455477443 22744.1921618205 22624.2367053447 11878 11878 942.620703828358 21.8118695815843 1 27279.3239432304
BombergV6 subsurface 243822 3855 682227.915263539 0.248635177435609 0.00583096497016274 0.248635177435609 0.129349629720648 0.0425741616848531 0.525570966306073 0.0196380328092715 0.13788747528935 0.0444872115629601 33620 22.7891658669029 27.8415337738296 1.97388453213404 7572.17601547389 7822.91717716251 3855 3855 310.701371159906 7.80706756152588 1 87406.119328557
BombergV6 subsurface 190239 7208 62006.407257107 0.294721676102871 0.0111106872677092 0.294721676102871 0.195123077539571 0.0864546560302886 0.65600160135473 0.046956609155402 0.0627105903626491 0.0124866028388624 11930 10.9367690116117 27.9682278710641 1.86183897954067 13269.0207509881 13252.4354455382 7208 7208 592.87416802726 16.5258954454985 1 26211.9797572884
BombergV6 subsurface 143562 6546 31090.6953498973 0.308884539365269 0.0152368330559683 0.308884539365269 0.207128685887361 0.0955355928599284 0.670544555524963 0.0551659517385443 0.0493375684373302 0.0100260366964726 7083 7.93385436257505 20.656089010476 1.92041207391823 12809.0814977974 13093.8430521012 6546 6546 551.180068345624 17.2765193529028 1 31014.7024518913
BombergV6 subsurface 191223 5850 186044.399797204 0.287828003066533 0.00571134832960064 0.287828003066533 0.171089759834388 0.0686049889127971 0.593870614271932 0.0293493836357412 0.132939029300869 0.0299299151575515 25421 19.0123573001156 41.2911652582907 1.92723025208437 11680.0714285714 11873.0371598109 5850 5850 480.956002114819 13.3778339921405 1 42788.5068637247
Crespo_Medina subsurface 137425 1328 1090609.00648203 0.157116431612008 0.00973075869940715 0.157116431612008 0.18998622390318 0.0667704673524003 0.565898663624254 0.0433569929584045 0.23955612152083 0.0773847211151838 32921 35.3334546116063 26.102410472114 1.19809427816051 2434.45833333333 2467.71255406531 1328 1328 112.164539345356 3.58232680088654 1 10374.5304390413
Crespo_Medina subsurface 227030 2844 1209087.17748036 0.211632510241692 0.00524467647237854 0.211632510241692 0.160658796257083 0.0512726745469365 0.515522171053213 0.0208709484856522 0.176981015724794 0.0670427322022346 40180 30.8351319208915 27.8033110324658 1.38811666870533 4922.6170212766 4771.4581584783 2844 2844 230.522782155694 5.96881292597045 1 6671.02941201947
Crespo_Medina subsurface 185789 2128 1153634.19305117 0.197468392224136 0.00656706500063574 0.197468392224136 0.16433232442636 0.0519142536664501 0.514969380900403 0.0238539103765417 0.164159342049314 0.0715578134196301 30499 32.5266834957936 23.7236674350945 1.34354983793655 3681.12648221344 3705.85067440872 2128 2128 175.31616192477 4.93698292345233 1 6630.37286493055
Crespo_Medina subsurface 175957 3267 351335.558465765 0.242232634798475 0.00819131417328512 0.242232634798475 0.167953412990267 0.0608080553754264 0.562280206114836 0.0286619356232213 0.10056434242457 0.0373677786868924 17695 19.4087191757077 21.5826172220946 1.52617229391072 5860.3670212766 5509.90683836876 3267 3267 270.409121713789 7.78835717441479 1 6678.0657494281
Crespo_Medina subsurface 419706 5006 1144686.94161675 0.207371945870315 0.00610449058739991 0.207371945870315 0.14428847541169 0.0468240016170671 0.566766807994714 0.024765945113369 0.130138716148923 0.0327234983484344 54620 19.9580182318099 34.5154639283735 1.61030737449519 9252.37823834197 8880.09388916025 5006 5006 386.566792524348 7.7271306682887 1 31800.492206555
Crespo_Medina subsurface 361901 3140 2902622.97440856 0.182964568688477 0.0045570558031073 0.182964568688477 0.145504341279994 0.0451663118905182 0.534700865385365 0.0232872962400699 0.241383693330496 0.069885327575419 87357 29.3397918215203 43.8492899206893 1.44678373818815 5450.84033613445 5261.44119579859 3140 3140 245.25112157541 5.21957036280497 1 14113.2473113206
Crespo_Medina subsurface 133713 7909 17444.3577089558 0.32803774388235 0.016122963475544 0.32803774388235 0.222461519956976 0.110384561929813 0.694040969452837 0.0640520242425159 0.036264237583481 0.00784212127714778 4849 6.71438080067009 20.8917250739132 1.98807901999286 18566.0249221184 18800.554116101 7909 7909 669.973553162331 21.6289162574642 1 72616.3602263427
Crespo_Medina subsurface 159289 6846 26172.7011379217 0.27727696656212 0.0202684149805459 0.27727696656212 0.236825924236619 0.111156628465523 0.709063599934658 0.0764479942085153 0.0344154335829844 0.00720681406800383 5482 6.53466341053054 19.0252475629763 1.57047620693477 12163.7622601279 12245.5639987401 6846 6846 571.441669140635 17.1531545999473 1 16938.9352523309
Crespo_Medina subsurface 264216 2707 800159.76905376 0.181086342839744 0.0117701884937169 0.181086342839744 0.161904816292773 0.0553078030916461 0.589279564310363 0.0385678905643497 0.104486480758168 0.0313854475745463 27607 18.4326460168953 20.9668877596948 1.41724799374823 4531.44794952681 4370.39105607454 2707 2707 216.748382539111 5.26633763425749 1 10866.724168985
Dong subsurface 4589 82 88296.4801264679 0.242188110681452 0.0346635130098254 0.242188110681452 0.116887134828589 0.0586848720960516 0.336107985243788 0.0419497287649335 0.505120941381565 0.351814368836846 2318 79.4072782741338 6.37142132697636 2.3183846213003 119 137.291327662722 82 82 9.60692562340822 1.21047221047206 1 6494.92198931576
LavCol subsurface 8558 1916 62.269901938874 0.493607857402169 0.242742441748732 0.493607857402169 0.511847220349304 0.385803782223326 0.897426508952689 0.460306975569248 0.0108670250058425 0.00215010059344589 93 2.02150035054919 4.7995317855761 1.10263748045879 3545.2723880597 3389.78034865386 1916 1916 211.494200745016 20.7113955828093 1 647.409902392343
LavCol subsurface 10716 1642 194.356717814885 0.425321336233132 0.179838780853884 0.425321336233132 0.476209550936607 0.335119454374917 0.8732390558489 0.390844705527903 0.024729376633072 0.0033864408744495 265 3.75139977603583 7.33459462060284 0.963255170090843 2475.04048582996 2413.39618693798 1642 1642 176.841553650499 15.8619581722625 1 438.965743532772
LavCol subsurface 6232 1568 68.5711420496725 0.535420784070112 0.187331874210885 0.535420784070112 0.516243641931264 0.389657110437243 0.885359240827408 0.429848959752787 0.0195763799743261 0.00340441318236573 122 3.86713735558408 7.03254590068453 1.34892933596924 2879.375 2878.38089857295 1568 1568 179.342890195789 19.8624280039751 1 535.626924235954
LavCol subsurface 6818 1521 78.2919659849822 0.500907820794188 0.204339299726055 0.500907820794188 0.505046915286162 0.377955132496279 0.886728879370687 0.435699443635942 0.0246406570841889 0.00321750244228669 168 3.72543267820475 7.20458071348813 1.19742962626669 2547.37647058824 2614.50181482584 1521 1521 172.192664348419 18.420470362238 1 498.513792645818
LavCol subsurface 5017 1827 20.7613136528799 0.627143378159273 0.266543642885857 0.627143378159273 0.563599642922716 0.469318275171478 0.915020377852876 0.5279663169988 0.0147498505082719 0.00205349251254128 74 2.37193541957345 5.86866850200751 1.58536486410844 4518.94285714286 4625.79228004023 1827 1827 214.304473275272 25.7938694154631 1 651.995184647094
LavCol subsurface 7956 1973 69.6277504937344 0.518733550143207 0.189399934035208 0.518733550143207 0.499337507406354 0.378286735178301 0.885761160956437 0.420014862533802 0.0170940170940171 0.00267604302295099 136 2.81548516842635 6.48641727985478 1.37572094778603 4084.26714801444 4045.28142670843 1973 1973 219.557993597036 22.1197237092454 1 925.576336910475
Magnabosco subsurface 325259 5877 541572.403837264 0.259916063253605 0.00562490096973782 0.259916063253605 0.136353032152702 0.0466266413184663 0.548510461268458 0.0197062991007441 0.0973378138652582 0.0302502820619711 31660 17.3154317021205 27.8053052142147 1.93129564763294 11203.1206467662 11571.1510000647 5877 5877 462.95504529809 10.3048346963798 1 58916.0606083956
Magnabosco subsurface 693832 8753 1308873.34743549 0.240897532585703 0.00477822569549913 0.240897532585703 0.123562017225566 NA 0.542035920041269 0.0155418318244836 0.0712967980721558 0.0239098258061895 49468 12.8779012786957 28.4851533764454 1.80801749270466 16214.7882037534 16130.6645710845 8753 8753 650.707038854533 10.5082347332794 1 53676.7519840433
Magnabosco subsurface 392460 7627 637401.404462166 0.280470141724637 0.00413739191779767 0.280470141724637 0.129741543716683 NA 0.540725072685563 0.0163500841217954 0.0988253579982673 0.0316898068285495 38785 18.358304030984 33.8017148851705 2.08742684896964 13912.3785900783 14524.9681036739 7627 7627 592.072015948419 12.1746377151806 1 67798.1648170795
Magnabosco subsurface 668429 7525 3613397.91238639 0.241727976306177 0.00217917471213013 0.241727976306177 0.112144320014762 NA 0.477849776184736 0.00932813414949724 0.156448927260786 0.0609819693248025 104575 27.7858979786933 42.1765641468516 1.93586561970067 14452.9433399602 14846.6249922246 7525 7525 560.961488386611 9.20404773635887 1 148128.619902818
Magnabosco subsurface 589162 9674 2079781.83441698 0.290428993390716 0.00178037099247515 0.290428993390716 0.116293287863614 NA 0.484391512880649 0.00870776900699704 0.188873348926102 0.0580608523653194 111277 28.0758093699186 57.2685043686934 2.05557310373461 17620.2844036697 18105.2040302654 9674 9674 728.034598527824 12.6034289995192 1 49755.0760038476
Magnabosco subsurface 412537 9314 331738.54097334 0.278603298989077 0.00587953607086916 0.278603298989077 0.150656345398149 NA 0.58541777110521 0.0225137005318721 0.0751690151428842 0.0182608381526762 31010 11.7204032607984 30.4734632656669 1.89688893500042 16846.7115384615 16868.6952707678 9314 9314 720.258432410993 14.5012279883203 1 37130.2399363811
Magnabosco subsurface 745386 7902 9435170.41840729 0.268578372841603 0.000942289177405755 0.268578372841603 0.0953800752740924 NA 0.421115578655382 0.00541606161102275 0.344940742112141 0.134300853156211 257114 44.0080709860394 75.9608291030527 2.03995931467761 14524.3292682927 14297.1489520176 7902 7902 584.321856204069 9.15264061061423 1 45823.4882605008
MarteinssonV3V5 subsurface 21934 167 626215.527378977 0.163162053676883 0.0269659258475704 0.163162053676883 0.156422992965754 0.0615717593717462 0.438187135278976 0.0507117678891849 0.398148992431841 0.222058904483538 8733 62.6014406856934 9.1288201991701 1.22892930976933 285.461538461538 238.847855968731 167 167 16.6069861882219 1.12760645045296 1 245.874464880249
MarteinssonV3V5 subsurface 21004 145 602816.04137931 0.159937178275108 0.0338631512771353 0.159937178275108 0.164223018366872 0.0678911734382285 0.451226137671341 0.0586554655699434 0.327747095791278 0.2036594783426 6884 61.0121881546372 7.48338632207376 1.10346185086989 182.05 189.889045223602 145 145 14.4687727176284 1.00049977989007 1 110.074836278567
MarteinssonV3V5 subsurface 20508 160 745020.208176101 0.162023129538395 0.0217084961827309 0.162023129538395 0.176765502157158 0.0670220157987127 0.419935292871185 0.0467002924254472 0.500536376048371 0.287905709699591 10265 67.7930563682465 10.5492803531475 1.0245057234682 251.071428571429 234.547995618112 160 160 16.0143902564772 1.11727049049771 1 154.869402071232
MarteinssonV3V5 subsurface 22830 213 237176.999335636 0.157266662175089 0.0464073412128601 0.157266662175089 0.18611372821263 0.0799290119458171 0.545257512056647 0.0830296817679629 0.211519929916776 0.101165797437457 4829 36.9469995619799 7.07054518858899 1.18453214174687 296.785714285714 305.244568261844 213 213 21.1243100349517 1.40969983105136 1 378.074167784825
MarteinssonV3V5 subsurface 22049 176 346921.836331169 0.1600481493759 0.0435183177702261 0.1600481493759 0.193040954238287 0.0814886987247412 0.520995904038933 0.0787872990143542 0.256837044763935 0.130561530705709 5663 44.9634904077282 7.174294198787 1.04191981911419 215.260869565217 221.933143304111 176 176 17.4982107583029 1.18527252950743 1 111.344895414046
MarteinssonV3V5 subsurface 20709 207 357862.983537358 0.179449354636522 0.0273354972673988 0.179449354636522 0.165056982401067 0.0649242796954252 0.470778096441543 0.0549098007713809 0.364382635569076 0.176726906671555 7546 51.8470230334637 10.1781758306221 1.35752774971914 318.714285714286 287.597144268066 207 207 20.7278417260968 1.43843678732654 1 317.351205903561
MarteinssonV3V5 subsurface 21508 188 311520.702013881 0.159408995166166 0.040527178045 0.159408995166166 0.204437796556735 0.0847809226848792 0.521679194345905 0.0767894804787507 0.248465687186163 0.131248934486976 5344 42.2214989771248 7.25335543264203 0.965888204568204 239 249.434652823886 188 188 18.7446493086626 1.28191088533751 1 140.394538276709
MarteinssonV6V4 subsurface 18201 665 11008.4984917112 0.241679971765796 0.0638028394804223 0.241679971765796 0.340945204917246 0.185223649200469 0.739178659194033 0.182317648909216 0.0792813581671337 0.0235688475739025 1443 14.504697544091 9.55786179493631 0.749679093108061 951.5 874.576382730373 665 665 67.6913353067688 4.92917254082835 1 204.097868178225
MarteinssonV6V4 subsurface 23921 613 29552.6726801651 0.225926473333364 0.0490788640546446 0.225926473333364 0.331512320101598 0.174370530292992 0.714259580539054 0.158402469724559 0.122862756573722 0.0332387760338876 2939 19.4180845282388 11.5771472217551 0.621021194965324 777.5 740.960002028055 613 613 60.6991590189148 3.96342650167915 1 115.461440635091
MarteinssonV6V4 subsurface 23023 857 11225.981657379 0.256689609021096 0.0604720402078372 0.256689609021096 0.370517840550348 0.210880135034161 0.764787407056786 0.203303393447149 0.0750553794032055 0.0192958785500459 1728 14.7157190635452 11.973791249605 0.612938857858775 1050 1015.79864721468 857 857 85.2228972425204 5.64806732899303 1 138.251519053875
MarteinssonV6V4 subsurface 21858 615 20926.1216493207 0.21540458302461 0.0570155281828161 0.21540458302461 0.298212582070295 0.147897850650206 0.701366271025064 0.14555329113379 0.100192149327477 0.0285188318338279 2190 17.0189404337085 9.2097721840978 0.889447950493928 958.103448275862 858.492332190983 615 615 61.447177506941 4.15977561737816 1 347.057025004914
MarteinssonV6V4 subsurface 17782 456 33634.5494312705 0.225558293218963 0.0433464987348945 0.225558293218963 0.30376513599998 0.146721157014683 0.661257344836922 0.123766833568315 0.116072432797211 0.0505919167670853 2064 22.2697109436509 9.01885330381901 0.826962465709158 581.509090909091 570.11197476665 456 456 46.4952684704524 3.4195939473267 1 143.527626496156
MarteinssonV6V4 subsurface 20214 609 19041.5271746176 0.226935699075329 0.0547791354245787 0.226935699075329 0.291628099076721 0.14788836623823 0.696657376505752 0.141580846046986 0.0823686553873553 0.0299755757747499 1665 15.8800831107153 8.57331194676383 0.939990574637849 859.225352112676 834.378619476688 609 609 61.3266072057293 4.28342494932819 1 303.314128591278
MarteinssonV6V4 subsurface 18687 518 31287.2999297999 0.224625797873583 0.0400090219135669 0.224625797873583 0.316714761210821 0.159328341941924 0.68403370090865 0.137125848203628 0.171295553058276 0.0482516652037251 3201 25.3010113982983 13.1724627870895 0.755253102935449 661.227272727273 670.990415065202 518 518 52.5642435578104 3.78930852529971 1 164.989989184526
Pedersen subsurface 18134 2627 389.550741595784 0.409288736376496 0.109026748151765 0.409288736376496 0.41706481267363 0.278222112431294 0.842134704582142 0.288255710516301 0.0234917833903165 0.00349145837096287 426 4.04764530715783 9.27047731765873 1.3057266554362 4821.8 4556.37882368418 2627 2627 267.807683549545 19.5080233654232 1 1567.26281832664
Pedersen subsurface 12795 2388 255.351854054521 0.463491682568014 0.101103148992317 0.463491682568014 0.42662369585941 0.296046763713055 0.838877198607819 0.285276663015392 0.0198515044939429 0.00414191321620994 254 3.6967565455256 8.61522941534382 1.57742362550169 5063.26875 4915.61828849367 2388 2388 252.410703340513 21.1112611143489 1 1864.31247140825
