BombergV6 subsurface 782144 15045 876533.519372946 0.274071445312315 0.00307405962893041 0.274071445312315 0.140802548701971 NA 0.56957300387536 0.0158543872558873 0.0966561144750839 0.0216219829461074 75599 15.1803248506669 50.7646669376602 1.88074088577441 25921.8875171468 26184.8813974288 15045 15045 1108.63877803621 17.0117437803515 1 53074.5465216788
BombergV6 subsurface 210672 5467 443148.905227192 0.285120246582227 0.0033403511975776 0.285120246582227 0.158060969138299 0.0599872163933566 0.546146001891356 0.0199397894504701 0.195963393331814 0.0547594145208659 41284 27.3211437685122 48.6291782971297 1.91108426159653 10148.3913595934 10468.5014283015 5467 5467 445.910774243964 11.9109297931778 1 30646.9628303394
BombergV6 subsurface 184704 7560 60007.3777987766 0.310174048631837 0.0098505967595042 0.310174048631837 0.193777419435575 0.0873864520999937 0.652650559047183 0.0448306858808719 0.0725539241164241 0.0134281338993507 13401 12.1437543312543 33.1637371438017 1.95464207983661 13720.8371886121 14103.6269786568 7560 7560 623.345060575808 17.5907211885548 1 26656.7387920795
BombergV6 subsurface 246233 7549 162574.147350857 0.293368235194595 0.00650259116611078 0.293368235194595 0.173077674731417 0.0698507406595561 0.604309474357676 0.0290830216675934 0.0706485320814026 0.0203715523790446 17396 12.900382970601 29.2263660271132 1.89920822866339 13877.0205992509 13988.3569600406 7549 7549 608.021557792609 15.2130501588573 1 29662.3540209234
BombergV6 subsurface 474481 6331 4204470.76039628 0.281467140338122 0.00133435197840841 0.281467140338122 0.102417750715521 NA 0.417253578035337 0.00593422299097094 0.276093247147936 0.118374261501269 131001 45.3647248256516 53.0658764257761 2.15068775632301 12730.801369863 13149.2435573802 6331 6331 484.316083392574 9.19100284119372 1 122584.413859374
BombergV6 subsurface 227827 7635 199159.938314873 0.29966634393678 0.00445153313813963 0.29966634393678 0.179774763577481 0.0751075064772504 0.603484026481199 0.028739957349325 0.134220263621081 0.0294226203463427 30579 20.0230876937325 49.9003652676239 1.8733835996544 13985.018399264 14129.126178137 7635 7635 618.822021476455 15.9958176893698 1 25478.9128378966
BombergV6 subsurface 254728 7064 634756.39028039 0.300596555145378 0.00204464307850058 0.300596555145378 0.155358391061939 0.0592490849298164 0.533410194516748 0.0158589214198273 0.236200967306303 0.0692359734545691 60167 32.6340253132753 64.6705427924753 1.98710356907108 13657.896 14012.247694221 7064 7064 567.402592303349 13.9962711567679 1 42548.3533758156
BombergV6 subsurface 296552 11821 284592.768678086 0.331359967932674 0.00220671748339339 0.331359967932674 0.194918961490802 NA 0.578976280435627 0.0192063075793117 0.152104858507108 0.0383353159376429 45107 22.809827618765 62.7931616025882 1.77303563596189 22196.7733333333 22248.9358692618 11821 11821 938.096886356082 21.7071990506742 1 23759.7884726195
BombergV6 subsurface 243822 3819 1400986.57559203 0.270976271270482 0.00290177786992201 0.270976271270482 0.118578292086681 0.0376207851301703 0.458297713252411 0.011213365992501 0.227756314032368 0.0902373176781043 55532 35.664952301269 35.84233545171 2.06912826321365 7184.36870503597 7471.04928582303 3819 3819 307.799126904131 7.73416109402525 1 51137.2272174071
BombergV6 subsurface 190239 6907 94542.2887376204 0.297651473676058 0.00796132895389808 0.297651473676058 0.190472129707094 0.0827004193919053 0.638576475091158 0.040824008779163 0.103932421848307 0.0181854886467536 19772 13.3232407655633 42.9069761889062 1.87107093786738 12461.2828077314 12440.6313156011 6907 6907 568.1128076032 15.8357879914065 1 21781.4414847859
BombergV6 subsurface 143562 6231 38971.7520143805 0.306562975315165 0.0134402291658054 0.306562975315165 0.200878283403619 0.0907498310893033 0.656926371822755 0.0497574671425998 0.0552304927487775 0.0119408591315641 7929 8.59628592524484 21.0939049752327 1.93559176774464 12344.9930475087 12667.6553172005 6231 6231 524.652685377118 16.4451561393122 1 35210.7576363016
BombergV6 subsurface 191223 5636 201324.738326344 0.288033049850729 0.00568645442054518 0.288033049850729 0.165400404191354 0.0658794361231057 0.586709499058023 0.0279957512407888 0.132980865272483 0.031202360709367 25429 18.6630269371362 39.2825608107046 1.96598302478747 11107.7800776197 11356.2932543701 5636 5636 463.359048028211 12.8884568170434 1 44346.4010462511
Crespo_Medina subsurface 137425 404 14035378.1700796 0.198603176174184 0.00819683983236938 0.198603176174184 0.0529304727911593 0.0150707766792688 0.261628062210611 0.00944742972007125 0.445850463889394 0.301975831585449 61271 69.1875568491905 13.3728188399708 2.19719937744805 814 829.982035510584 404 404 34.0635338026968 1.0898042376191 1 2599045.03962137
Crespo_Medina subsurface 227030 1530 4508891.7112385 0.169027598072662 0.00486273682405567 0.169027598072662 0.162110486517586 0.0476642602011367 0.464933157310644 0.0191275659546722 0.288331938510329 0.134408830847793 65460 49.9770955380346 26.6377211465141 1.09529902479561 2379.60606060606 2303.4816176921 1530 1530 123.977957761539 3.2110702449841 1 2156.71324355453
Crespo_Medina subsurface 185789 996 3832482.23293475 0.152710152751102 0.00900633923884297 0.152710152751102 0.151346460434624 0.0452068461478119 0.482896359355776 0.0271804550632079 0.260209162006362 0.111478819266196 48344 42.4034792156694 19.615625584764 1.18991182143312 1509.23529411765 1550.56116084982 996 996 82.012026852443 2.31073072920983 1 2313.83494742349
Crespo_Medina subsurface 175957 1731 1256659.25407346 0.202978272714725 0.00816007180639704 0.202978272714725 0.140365366459573 0.0448694552812515 0.505804908922578 0.0245350725082301 0.199832913723239 0.0707960376718856 35162 29.769773296885 22.658994864106 1.46897246599011 2819.3971291866 2759.22116590371 1731 1731 143.235695212754 4.12661348910683 1 3805.01089275502
Crespo_Medina subsurface 419706 3204 3017639.61532903 0.19588102461797 0.00565601027910553 0.19588102461797 0.120112230740279 0.0344596814940662 0.501821750589056 0.0176217368232988 0.136731426284113 0.0551819829296737 57387 26.9872243904066 25.9930151242089 1.60823571514981 5651.78225806452 5422.20321054277 3204 3204 247.387299991106 4.94561059951997 1 16966.1907073637
Crespo_Medina subsurface 361901 1798 7323460.40861608 0.173759651910335 0.00550463121751814 0.173759651910335 0.10875600681904 0.0287288005456565 0.453175593065074 0.0160563297149753 0.242359098206416 0.10103738182681 87710 40.9697679752197 25.7923330776835 1.60236532645114 3125.33009708738 3005.50072187735 1798 1798 140.400212000959 2.98878583195011 1 15105.9761395275
Crespo_Medina subsurface 133713 6055 26815.1647199973 0.297836374349116 0.0178641273630762 0.297836374349116 0.198408073150455 0.0921303199379239 0.673377664619562 0.0580114787662058 0.0331231817399954 0.00924493891877376 4429 6.16245241674332 16.3770716437764 2.00806412140358 14444.4644351464 14584.6976565942 6055 6055 512.900846085578 16.5587416789665 1 165607.883208825
Crespo_Medina subsurface 159289 4393 65644.9095278878 0.238508562948657 0.0196396046504568 0.238508562948657 0.211431595772567 0.0902875815342283 0.676171642469546 0.0659131210510797 0.0567019693764165 0.0115906036661155 9032 9.67549548305282 19.130132620851 1.49983681884037 7307.94370860927 7396.04737004916 4393 4393 366.657678723984 11.0069833709565 1 11702.8131637348
Crespo_Medina subsurface 264216 1372 9311947.84158315 0.19195609870394 0.00396970900301986 0.19195609870394 0.096980407494105 0.025118716367852 0.388213844113918 0.0113189351456871 0.38376177067248 0.183606146749414 101396 51.2614678899083 28.478735237786 1.72290174955688 2328.81595092025 2229.233690014 1372 1372 109.815976519261 2.66915967277476 1 7994.74077153219
Dong subsurface 4589 62 119394.901374934 0.209155867284634 0.0445587302073087 0.209155867284634 0.116290202158404 0.0623967552140814 0.338298423260527 0.0498333080379142 0.514926999346263 0.361972439138738 2363 80.3878840706036 5.48141514197217 2.1587055956973 79.25 90.3576212671894 62 62 7.23484522256668 0.915235085966683 1 3026.33763156403
LavCol subsurface 8558 1675 107.765236897948 0.462169819924543 0.195092865703074 0.462169819924543 0.495918077309569 0.3621632896513 0.884237643628852 0.423084426152495 0.0234867959803692 0.00306015764964862 201 4.01963075484926 7.87045187797843 1.04458637602695 3210.97087378641 2895.42508336999 1675 1675 184.877959293554 18.1062565768297 1 598.200077970555
LavCol subsurface 10716 1347 294.558192714866 0.395347994541731 0.176969216122424 0.395347994541731 0.46729266259449 0.319871651518187 0.863813238113277 0.374354494557694 0.0186636804777902 0.00419502619533596 200 3.57409481149683 5.79913356829619 0.858625382351128 1882.13065326633 1834.75273120606 1347 1347 145.051024505528 13.0122153824833 1 295.190385749994
LavCol subsurface 6232 1351 120.425582147655 0.499220909070102 0.150256970451209 0.499220909070102 0.489024984548091 0.35736615011559 0.867556625189734 0.384459917631341 0.0335365853658537 0.00492617712053078 209 5.74454428754814 9.19199659336055 1.31914355640224 2376.20833333333 2391.26127748984 1351 1351 154.507276173782 17.1136098427107 1 513.40879773565
LavCol subsurface 6818 1055 175.243141451658 0.428082157463549 0.192604424176251 0.428082157463549 0.485852412104804 0.341899265812965 0.86916791775683 0.401650921698846 0.0283074215312408 0.00492131633337156 193 4.78146083895571 6.07200669219272 0.919739649442446 1619.44 1543.98459554797 1055 1055 119.402018567917 12.7768548534919 1 262.66023329267
LavCol subsurface 5017 1679 24.4325159493171 0.598140289006953 0.267753277198126 0.598140289006953 0.548450524474237 0.446553783841312 0.908971388970238 0.508367805557041 0.0111620490332868 0.00222440830933646 56 2.03308750249153 4.59736954759206 1.53330824486822 3985.25 4101.50336190805 1679 1679 196.93477883675 23.704382456794 1 677.807531510652
LavCol subsurface 7956 1881 82.5653110047847 0.50542053073583 0.178167536617029 0.50542053073583 0.494126071050351 0.371142159067856 0.8826528743633 0.412506868581667 0.0224987430869784 0.00298388876376632 179 3.61990950226244 7.982504326728 1.31946772691858 3980.88259109312 3777.00799344512 1881 1881 209.31492290184 21.0882920917844 1 891.749578216542
Magnabosco subsurface 325259 5952 861152.138693794 0.264720924543365 0.00345638568806483 0.264720924543365 0.137381797086315 0.046207241209462 0.518930099384863 0.0151145261437329 0.133610445829324 0.0486087977011149 43458 23.4201052084646 34.5865462616432 1.91509104816887 11015.579009434 11396.0714250204 5952 5952 468.86410390894 10.4363410095036 1 50456.455305232
Magnabosco subsurface 693832 9129 1824303.14328595 0.246832008135297 0.00315674630637099 0.246832008135297 0.124641027025422 NA 0.525801684865431 0.0131345199085549 0.133401169159105 0.0347006102112414 92558 19.032993577696 44.8144582981412 1.79849269219679 16448.3953294412 16297.3131086792 9129 9129 678.66246008503 10.959633826129 1 43641.4818858786
Magnabosco subsurface 392460 7721 692340.068445153 0.283984685496981 0.00371845529885117 0.283984685496981 0.128232742903207 NA 0.534690693528655 0.0153973953401477 0.118906385364114 0.0348308347274525 46666 20.3913774652194 37.8504151395183 2.10828092959771 14318.7026315789 14816.1138106032 7721 7721 599.370044993679 12.3246856954123 1 69865.4721025368
Magnabosco subsurface 668429 7602 5370420.28070527 0.249502634746562 0.00143773500096212 0.249502634746562 0.107926955256915 NA 0.456071078632379 0.00761498652088331 0.258441809077703 0.0914941420716122 172750 37.9883278553145 61.3062360358943 1.99422233907618 14453.075216972 14750.2787193283 7602 7602 566.702322332088 9.29822868994022 1 137100.058635983
Magnabosco subsurface 589162 9726 5337330.21114132 0.300089449158679 0.000687104826588098 0.300089449158679 0.113497522501765 NA 0.4218123867996 0.004843358429658 0.36279495283131 0.149638289611342 213745 47.4085226134747 83.9713532904671 2.03258957932977 17306.5594833447 17843.0799691197 9726 9726 731.948358387583 12.6711753617246 1 38996.6398694161
Magnabosco subsurface 412537 9096 528497.526909 0.28682244874928 0.00387741676522578 0.28682244874928 0.147941904630906 NA 0.551971525956588 0.0167311326793377 0.0833137391312779 0.0283535253322946 34370 15.5627252828231 33.4972759319496 1.86280221062172 15996.974025974 16148.0736720795 9096 9096 703.398522793727 14.161817670363 1 27142.2424763774
Magnabosco subsurface 745386 8316 14435834.5306599 0.272626627854671 0.000556291177086829 0.272626627854671 0.0998178906070918 NA 0.390135147830809 0.00394823393316555 0.457452917012125 0.216163989657076 340979 51.9139076934635 87.0942340490295 1.93582352543522 14105.6076794658 14141.5760947593 8316 8316 614.939404421825 9.63216392278764 1 26383.9486098123
MarteinssonV3V5 subsurface 21934 61 2280159.98196721 0.112180200446726 0.0545064436737008 0.112180200446726 0.186517886994316 0.0830539307938719 0.421200677261236 0.0774856228427035 0.458010394820826 0.300761552543935 10046 74.8746238716148 5.35699443633356 0.71453081834372 78.5 81.0605922808118 61 61 6.00252512827298 0.411880200464854 1 31.9573411829006
MarteinssonV3V5 subsurface 21004 54 2427705.73445143 0.120590663912543 0.0597039360993123 0.120590663912543 0.134312242412047 0.0749028403760835 0.384750711812953 0.0686836302005276 0.39111597790897 0.310172489929551 8215 76.894877166254 4.47427539977013 0.981228736608666 56.3333333333333 58.6597414589104 54 54 5.32531218079379 0.372599918028027 1 27.4246523152549
MarteinssonV3V5 subsurface 20508 61 2016502.46065574 0.119847897456795 0.0539135111186784 0.119847897456795 0.198741954359274 0.0934893060524961 0.447317438956441 0.0881566553603856 0.521162473181198 0.30406928212975 10688 62.82426370197 6.42054690812567 0.678422892757483 68.5 69.0543154761905 61 61 6.0431661345197 0.425959374502253 1 16.4326051287785
MarteinssonV3V5 subsurface 22830 108 984623.978193146 0.130524009234784 0.0438008207614636 0.130524009234784 0.154231397448021 0.0639241738453302 0.440737461488945 0.0642447891036175 0.320762155059133 0.211394651933227 7323 61.305300043802 6.14520060233165 1.22338192994023 147.666666666667 154.772806427803 108 108 10.6617979893388 0.714777379124632 1 388.367882390904
MarteinssonV3V5 subsurface 22049 67 1807604.99185889 0.135246563666074 0.0573341401093564 0.135246563666074 0.152457268040741 0.0769189112715708 0.419746806696628 0.0733488640781752 0.407183999274344 0.2603226124236 8978 63.3543471359245 4.98366616792976 0.93315470657646 76.1666666666667 76.2881034766848 67 67 6.59932520027423 0.451211701573853 1 16.9199670760151
MarteinssonV3V5 subsurface 20709 82 1381382.64573924 0.123542545345506 0.0446545609659057 0.123542545345506 0.151995702947785 0.0643922932058525 0.406900360075799 0.0618274374559455 0.443188951663528 0.273099134498952 9178 67.1302332319281 6.15614748441706 1.10211774396717 121 118.326905145161 82 82 8.15026786317398 0.569815538940947 1 210.943126657014
MarteinssonV3V5 subsurface 21508 62 1939721.72818614 0.14882590795163 0.0593174134294839 0.14882590795163 0.171759192919447 0.0884547085255599 0.431410423198471 0.0808648457602932 0.404826111214432 0.271910579466493 8707 70.169239352799 4.88011343654183 0.854832558372527 62.5 63.130660548243 62 62 6.11456474774555 0.422757845164499 1 5.24742520300276
MarteinssonV6V4 subsurface 18201 538 19101.7720815767 0.227523256045587 0.0566294807315967 0.227523256045587 0.326236397881427 0.169350452373118 0.712136592386583 0.162089417461053 0.11136750727982 0.0328227636112238 2027 19.8835228833581 10.0170519688383 0.733144079373522 743.245283018868 691.703221823756 538 538 54.7443479815284 3.98781176987316 1 158.476099231845
MarteinssonV6V4 subsurface 23921 469 66076.5598108359 0.216941846991591 0.0379565919088539 0.216941846991591 0.292009810069256 0.142243894682113 0.653102454992138 0.116523068685324 0.142845198779315 0.0561745945781171 3417 27.6200827724593 10.5170273469294 0.721867641685744 589.238095238095 551.071369965723 469 469 46.4170039556407 3.0323768830139 1 90.978061345267
MarteinssonV6V4 subsurface 23023 721 14380.0439859763 0.240213950732847 0.0662985292548788 0.240213950732847 0.345136144049188 0.190139414947954 0.747435601548062 0.188627065503104 0.0796594709638188 0.020919959576766 1834 13.9425791599705 9.71137922221028 0.65828842369553 906.067567567568 867.061157356341 721 721 71.6828107647368 4.75175792789262 1 133.206999113762
MarteinssonV6V4 subsurface 21858 477 52611.372284763 0.201835695883311 0.038457782488646 0.201835695883311 0.269448487602562 0.129926476074944 0.654778014285971 0.117085913834915 0.183960106139629 0.0545126609762054 4021 27.1250800622198 12.8243489548582 0.885633802153839 813.6 670.210697495432 477 477 47.6365740933288 3.22636255201526 1 270.894777721549
MarteinssonV6V4 subsurface 17782 312 84842.4179652074 0.205364521262273 0.0369883314754074 0.205364521262273 0.274567547442209 0.12839979351058 0.614174709727324 0.106201939211758 0.227983353953436 0.0866524138094528 4054 35.0354290855922 10.4908600633504 0.808215271001895 385.181818181818 374.040083742786 312 312 31.7802824050785 2.33972217448669 1 82.0347517477854
MarteinssonV6V4 subsurface 20214 472 37972.1098816078 0.214968964292525 0.0461687823070567 0.214968964292525 0.263109568382637 0.128319565396025 0.657575335646857 0.119578769426782 0.138814682893044 0.0458891043239142 2806 23.4243593549025 9.71681705826264 0.989177372541682 644.518518518518 619.328805432057 472 472 47.5079473583857 3.31983017419196 1 226.732716889701
MarteinssonV6V4 subsurface 18687 388 56359.8314486268 0.224519158115284 0.0396283619332276 0.224519158115284 0.306425628008472 0.153182045625191 0.65901780019759 0.128749431650397 0.204206132605555 0.0650372476150178 3816 29.7854123187242 12.0491619429194 0.720907873950106 431.352941176471 439.174032737043 388 388 39.3469289301211 2.8383237602631 1 60.2063278277859
Pedersen subsurface 18134 2348 583.697511557398 0.391803641339457 0.0927502436273002 0.391803641339457 0.412524496306411 0.267837116044499 0.832172446945177 0.271523878360538 0.0313223778537554 0.00459184107273714 568 5.09540090437851 11.2588077520602 1.22214100579359 4089.75471698113 3892.10172669541 2348 2348 239.354391961455 17.4361777167924 1 1269.01007819563
Pedersen subsurface 12795 2194 331.322817774796 0.445957294435937 0.0931318302963052 0.445957294435937 0.424332314602913 0.288081887331359 0.833307001184031 0.277027551761884 0.0263384134427511 0.00489401435233605 337 4.80656506447831 9.7799251399488 1.46972052757275 4393.09933774834 4324.48552422316 2194 2194 231.89638559939 19.3961921628482 1 1568.48244614846
