BombergV6 nsubsurface 705800000 5458 4282175.08969992 0.324650074713814 0.00356944869129023 0.324650074713814 0.130839743722232 NA 0.520117077977016 0.0159136031983903 0.165775551386826 0.0513292980397174 112053 27.880467265938 40.7482996039449 2.34179130505348 5458 5458 5458 5458 406.515337351504 6.63868447180524 1 209.313789034406
BombergV6 nsubsurface 2.2e+07 2801 837710.161469628 0.378153308791412 0.00512199568783541 0.378153308791412 0.169537591123228 0.0776165661723242 0.532822223456844 0.0241700024645652 0.218834787809586 0.0697023920789357 40247 30.3053040806894 34.1441581681027 2.4230486946589 2801 2801 2801 2801 230.980622966221 6.53137369930873 1 81.4274117649888
BombergV6 nsubsurface 1.16e+08 3418 146656.271163115 0.400241928276402 0.013082185414954 0.400241928276402 0.215683976873567 0.113889924334899 0.637021575917804 0.0518801362287313 0.086719626230248 0.0223639051410081 13067 14.4543771278396 21.2262850965678 2.39215653962424 3418 3418 3418 3418 286.590861508035 8.80527271748184 1 75.7345832150377
BombergV6 nsubsurface 150520000 3432 460415.989196864 0.367587589056217 0.00902525876573799 0.367587589056217 0.174935571253346 0.0822164583134084 0.582662705729904 0.0331750806722561 0.10294005139352 0.0322844251825134 22874 16.8077513309662 21.7698676006939 2.41737964792333 3432 3432 3432 3432 278.685596201224 7.28062078462902 1 103.135843621479
BombergV6 nsubsurface 4.23e+08 3028 8834950.49039348 0.341064227695539 0.00256993595959041 0.341064227695539 0.100599691669169 0.0363061409585341 0.41877931428075 0.00914997411208678 0.290256338404349 0.128505533190643 132583 47.1311071656096 36.9381518950697 2.70623875222769 3028 3028 3028 3028 232.275204165067 4.48025575251868 1 134.900543183101
BombergV6 nsubsurface 15280000 3470 504414.871191027 0.378237664224654 0.00653380028984521 0.378237664224654 0.189678905091286 0.0913337233131452 0.57869868576376 0.0319654452797231 0.151201253046294 0.0441067105292826 30215 22.4232233915319 29.812563868065 2.31877998209092 3470 3470 3470 3470 284.222249487215 7.76239735962169 1 90.8834561692311
BombergV6 nsubsurface 140750000 3309 1366605.45878797 0.381870938908742 0.00356076735640959 0.381870938908742 0.160013324957645 0.0712610767720908 0.511349307309707 0.0187623598393688 0.253868844234146 0.0848710612950669 58696 35.1906957431901 41.2793735989622 2.4996382153021 3309 3309 3309 3309 267.831168367824 6.88172346646634 1 98.4808456429796
BombergV6 nsubsurface 29900000 4402 612676.312322558 0.39476253539947 0.00451417668056697 0.39476253539947 0.204568430764168 0.0994592700809976 0.581665588470187 0.0296840228799388 0.186625 0.0503235660671819 43297 25.8448275862069 42.8872807725334 2.22784840292134 4402 4402 4402 4402 356.226688092206 9.13915505790408 1 90.7117775878833
BombergV6 nsubsurface 32026000 1834 3141117.78217354 0.330069011069547 0.00518389904428919 0.330069011069547 0.122996052167249 0.0461167737010703 0.448904779754734 0.0153689497283034 0.234970627605788 0.105182656102801 55118 40.035553812443 24.1541329788505 2.43396847746915 1834 1834 1834 1834 148.234692430918 3.78668687665807 1 75.5952229453851
BombergV6 nsubsurface 13150000 3315 266135.875099468 0.385623725725379 0.00974386983705906 0.385623725725379 0.195448250174689 0.0989227727633756 0.607795950570709 0.0413260183937782 0.114306602049359 0.0309588623650565 19388 18.2885846687184 24.7457724328676 2.42917812901769 3315 3315 3315 3315 275.219897693734 8.04919937182779 1 88.7739650980407
BombergV6 nsubsurface 55200000 3034 99335.5647347427 0.40630733541865 0.0169337406060884 0.40630733541865 0.215451122220164 0.116059822040779 0.641831201063902 0.0562934177967336 0.0623515723370683 0.0194639742181356 7824 11.9220286574967 15.5842174728381 2.50214576479332 3034 3034 3034 3034 258.349343077904 8.5649505599314 1 72.2067597568962
BombergV6 nsubsurface 29500000 2759 248723.929087506 0.393627455499747 0.00985564392106542 0.393627455499747 0.194735824445487 0.0981674721082461 0.593025146792235 0.0394351226788076 0.128331414749297 0.0367758987647548 17614 19.8945021638714 23.3257899844175 2.47400911418882 2759 2759 2759 2759 233.144204410549 7.44713446473915 1 73.6969908537826
Crespo_Medina nsubsurface 3.36e+08 327 32976783.8640738 0.244816144951668 0.00431564571908486 0.244816144951668 0.0911930700760631 0.0205842668703718 0.167168415820076 0.00500738208436357 0.840016850564656 0.708608670542967 103690 89.1103225910984 17.8104439272267 2.46963605057729 327 327 327 327 27.8074089587257 0.930729146570837 1 55.357735417211
Crespo_Medina nsubsurface 54200000 856 21731944.8346724 0.31239298539977 0.00260610716992554 0.31239298539977 0.0831515493662375 0.0262509386595712 0.272614897169835 0.00620045061482979 0.663293436672226 0.448264105385505 135219 72.3859511429412 28.3918425308933 2.61560378378522 856 856 856 856 69.9375704207615 1.8958665091364 1 44.6432813921876
Crespo_Medina nsubsurface 54200000 688 19805879.460832 0.313358992676113 0.002923007605359 0.313358992676113 0.0812865880759437 0.0254193542205763 0.252668597106281 0.00613039442958131 0.699862973180169 0.497257813981811 115940 76.1187002372315 25.5626589341439 2.71792083971864 688 688 688 688 57.1656862788384 1.69035646484364 1 39.0249279740012
Crespo_Medina nsubsurface 54200000 729 7004278.80708181 0.27024655155127 0.00597083334706507 0.27024655155127 0.108524095009971 0.0376890017076021 0.389857481244446 0.0165705845039506 0.454857555863398 0.229740478882588 67968 55.594370495292 23.4147880215864 2.27662117648964 729 729 729 729 61.101694138581 1.88587537473953 1 46.6275072135131
Crespo_Medina nsubsurface 1.314e+09 848 15481670.6528578 0.208184916468614 0.00666535316332352 0.208184916468614 0.115651157607382 0.0323722315406283 0.412273750766604 0.0178484222772806 0.381260593724488 0.176921650529747 104144 49.6143243629122 22.7299884304138 2.06738530751407 848 848 848 848 67.6636361535516 1.62251860365206 1 126.935157503936
Crespo_Medina nsubsurface 1.314e+09 660 11524304.5361199 0.200839141540584 0.00990506483706096 0.200839141540584 0.119034868025566 0.0333781931312409 0.417286500108792 0.0212687651204168 0.315795114544724 0.152967349540449 70716 46.8115035948734 16.2635221183491 2.00229878763621 660 660 660 660 53.4942163062382 1.39472246271493 1 101.417466947082
Crespo_Medina nsubsurface 1.314e+09 2410 52359.9230437726 0.385874054972888 0.0219246457261306 0.385874054972888 0.273985999224814 0.155065831684098 0.696521331318128 0.093732698005446 0.0822672869118573 0.0189256312060524 6791 13.7011193487426 18.6483482349703 1.97368471164406 2410 2410 2410 2410 212.787847941665 8.38810319642071 1 54.3800019469954
Crespo_Medina nsubsurface 1.314e+09 2655 65904.9024879477 0.358735500319466 0.0241555337977212 0.358735500319466 0.267758185041835 0.147075161786854 0.704369217751092 0.0968765966954073 0.0717710043277123 0.0155926106799794 7695 12.232316072228 18.4269294631537 1.87027847927995 2655 2655 2655 2655 229.136793424263 8.10839178786181 1 64.5310139112453
Crespo_Medina nsubsurface 1.314e+09 575 14102350.6270141 0.193019414801996 0.00730321625287693 0.193019414801996 0.137635632950758 0.0388556482642342 0.397768663545369 0.0200749636215137 0.454044356058968 0.238132128991459 84020 60.9814750767368 20.070164489932 1.76550490577051 575 575 575 575 47.3270501248724 1.33667445038526 1 78.3923667647169
Dong nsubsurface 1460000 36 56.5420634920635 0.757589201962632 0.397939695095156 0.757589201962632 0.649769585253456 0.585125448028674 0.879316758652415 0.638872560350048 0.161290322580645 0.0698039881925715 35 29.9539170506912 2.89835759297357 2.15972988534957 36 36 36 36 6.50570033217582 2.44383923988767 1 0.0109036971712086
LavCol nsubsurface 1.3e+09 254 15255.5680962311 0.463129260689306 0.0323946493345228 0.463129260689306 0.346564907615854 0.223473473129526 0.65098462509765 0.141388802398691 0.328853203002269 0.121532659093182 1884 40.1466224471985 13.6665954487388 1.91146782397414 254 254 254 254 29.2374133482783 3.35578636789822 1 2.32964302237866
LavCol nsubsurface 6e+06 302 9118.86934280874 0.365465978897375 0.0762364122027925 0.365465978897375 0.31768646084004 0.208670924742237 0.718914018646031 0.198210319617799 0.163462701003506 0.0434340780536417 1352 21.1219925039294 9.6544405098502 1.72304429421395 302 302 302 302 33.368398976599 3.32068692792868 1 7.91775286013336
LavCol nsubsurface 4.3e+08 229 2645.58369723435 0.45349602635582 0.101167388677392 0.45349602635582 0.408712308287838 0.291714796106527 0.770944178760406 0.284926123939849 0.16738523966523 0.0431642279608437 660 23.4592949530814 9.26341642963034 1.59148025518736 229 229 229 229 27.5372391421304 3.64688521171156 1 2.5259569035145
LavCol nsubsurface 3e+06 456 1933.58257181415 0.5952631580695 0.0618761301082539 0.5952631580695 0.45114419017996 0.34855887288205 0.788635478783136 0.272555306595469 0.164269051321928 0.0354414933885436 845 20.9758942457232 15.4575744992305 2.34111723585623 456 456 456 456 53.2438601450536 6.35790980647803 1 1.73264949755963
LavCol nsubsurface 3e+08 171 347.6173374613 0.686689135213632 0.156834400553297 0.686689135213632 0.572660574076458 0.469785575048733 0.845740317874725 0.449195728874184 0.148067104303428 0.037287439463174 203 22.1735959153902 7.99369661377119 2.11280550696107 171 171 171 171 23.5349634767133 4.61824940546913 1 0.166311364221713
LavCol nsubsurface 1.701e+10 174 16515.2607800146 0.752796229103021 0.0121037752096441 0.752796229103021 0.300240769713606 0.234025410309432 0.420102693692091 0.0447107344704725 0.688411669367909 0.474820982481763 1699 70.097244732577 12.9497950506646 5.47228985527291 174 174 174 174 22.1477891925365 3.50248811769386 1 0.104411895312069
Magnabosco nsubsurface 6142500000 2514 2765882.17188789 0.341382718260909 0.00401199229178633 0.341382718260909 0.132933655003893 0.0519554972922964 0.466735610985706 0.0149793333941282 0.239805206798162 0.0991458719796497 63622 40.0799828123645 30.3573710899436 2.44078982164419 2514 2514 2514 2514 201.222824216475 4.88079895450189 1 104.788414454518
Magnabosco nsubsurface 3.47e+11 3227 6707583.38360059 0.311304900159686 0.00318522766216784 0.311304900159686 0.1215634681874 0.0430037651070745 0.465315589025679 0.0129956195483735 0.275727456521969 0.0972882868323445 130244 35.3690472410107 41.4535594665588 2.31313964000354 3227 3227 3227 3227 246.909663217459 4.69526501200593 1 150.541017719212
Magnabosco nsubsurface 9652020000 2883 1599639.57460747 0.363069506287845 0.00539136282562786 0.363069506287845 0.133059765561183 0.0563107730662973 0.500258712064177 0.0183221215862053 0.170990227746048 0.0643364062100915 45896 29.5507296591447 26.4771540810102 2.65912876142396 2883 2883 2883 2883 230.554796505913 5.56471426613253 1 100.664765846325
Magnabosco nsubsurface 6.25e+11 2792 15720006.3940824 0.328592963116734 0.00236492950087925 0.328592963116734 0.0899746820960788 0.0292231943413621 0.382938704352322 0.00712020633336109 0.320835668449396 0.151448992022209 172890 47.2487074900626 35.1460397337146 2.73144019299345 2792 2792 2792 2792 211.483660412189 3.8033982206989 1 144.688089363143
Magnabosco nsubsurface 2499640000 3817 11952872.1809875 0.377724164683353 0.000989428630338796 0.377724164683353 0.122230952176591 0.0476259408506393 0.382142856952294 0.00586315817383245 0.506912719837977 0.264784992803617 210495 56.6785230066779 59.1844591659911 2.48955358520365 3817 3817 3817 3817 294.97627530484 5.92335637280141 1 106.789740983767
Magnabosco nsubsurface 1.881e+09 3744 2061744.8434924 0.348167949901246 0.00412537420732962 0.348167949901246 0.147718034166805 0.0601511647494517 0.510837881187973 0.0176049303615264 0.198592896846158 0.0647441913558937 68705 28.3258998898713 35.0654781344131 2.37197896801233 3744 3744 3744 3744 293.474817939807 6.36536810262761 1 133.015731034147
Magnabosco nsubsurface 8.85e+11 2952 40958413.2363012 0.327320725361164 0.00131756575294253 0.327320725361164 0.0795331979453293 0.02471873740708 0.344339316879564 0.00496909968595809 0.493908313523267 0.257105489253446 338870 57.5857128490203 50.4780603132502 2.76068615234001 2952 2952 2952 2952 219.588430824526 3.56387907741886 1 149.650094027222
MarteinssonV3V5 nsubsurface 2.6e+08 90 1721935.02384519 0.207565329890871 0.0334472117517356 0.207565329890871 0.116747060635688 0.0555718303555536 0.34826803667504 0.0426170813587052 0.482858058314643 0.332198426391538 10549 78.1709159152286 6.61940288715933 1.93345369426083 90 90 90 90 8.90728714841509 0.608900884753549 1 8.94136382781743
MarteinssonV3V5 nsubsurface 2.44e+08 67 2005797.92718227 0.187401627374582 0.0472878483482187 0.187401627374582 0.118470954902182 0.0660224755547398 0.365199743084225 0.0552104747584654 0.395386521780574 0.315628087461725 8296 77.9811266800114 5.13487338275832 1.79444817783045 67 67 67 67 6.63221918397877 0.462542199627226 1 5.54384127969155
MarteinssonV3V5 nsubsurface 2e+08 79 1940561.23628692 0.203616179761117 0.0338874268322995 0.203616179761117 0.109329301883013 0.0554971815664557 0.335466142598319 0.0427053144450555 0.557177734375 0.373537592887878 11411 78.5498046875 6.9109623652175 1.93299791073088 79 79 79 79 7.85719719047536 0.552029281945261 1 7.76358337778586
MarteinssonV3V5 nsubsurface 4e+07 90 1301170.50549313 0.176949379126804 0.0473926931378175 0.176949379126804 0.154457251214955 0.0744509341804147 0.436478053939834 0.0688569342362628 0.331781652101357 0.234447767692798 7555 65.8205612401739 5.75826050880714 1.47241458545396 90 90 90 90 8.87051169098786 0.596418982913424 1 8.94867655100389
MarteinssonV3V5 nsubsurface 2.2e+08 92 1277556.49354993 0.193437879527315 0.0432099396436133 0.193437879527315 0.148734148734149 0.0705685923077227 0.421474403888017 0.0629110695273384 0.418918918918919 0.251552427683104 9207 62.1894621894622 6.33865731526246 1.63181919058525 92 92 92 92 9.10200496052004 0.620574238195871 1 7.01400615032625
MarteinssonV3V5 nsubsurface 2.04e+08 112 1014432.09000965 0.218842374063629 0.0327463681476918 0.218842374063629 0.137873197206305 0.0633650728355031 0.400052502591888 0.0504848061123455 0.450225039926439 0.272658372015548 9303 67.5942505928471 7.51966918196662 1.864603045302 112 112 112 112 11.1713852182786 0.779150466129592 1 9.34132100242071
MarteinssonV3V5 nsubsurface 1.12e+08 91 1314063.62979243 0.199872233932216 0.0408415015156405 0.199872233932216 0.143927998629732 0.0686891470747218 0.407070869736283 0.0585878290012064 0.416032139019947 0.269064813515798 8906 69.8976970149951 6.25463244048262 1.67104661378836 91 91 91 91 9.02574752402275 0.621961479237688 1 6.30057099681119
MarteinssonV6V4 nsubsurface 2.6e+08 126 161986.502857143 0.197139180894824 0.0794407089896055 0.197139180894824 0.235571370804691 0.12897493993329 0.605526561511505 0.141596055063526 0.247337916161208 0.0999047973948268 3670 34.5599137350047 6.19395613505975 1.21783214467951 126 126 126 126 13.014127347707 1.03438654264825 1 9.21659668185035
MarteinssonV6V4 nsubsurface 2.44e+08 119 419060.794473722 0.181081000822019 0.0632443969352868 0.181081000822019 0.226817790657728 0.113529698453734 0.569153029965704 0.120178991560992 0.304284567529601 0.132871238429806 6065 42.123218944411 6.98807408752777 1.15716797414964 119 119 119 119 11.9190934850558 0.842891204712767 1 8.28459713415043
MarteinssonV6V4 nsubsurface 2e+08 100 282878.296868687 0.177843002816691 0.114516687318494 0.177843002816691 0.222714773185059 0.140259051022017 0.617350575401165 0.163305722916081 0.182228994797961 0.0873235179444893 3468 29.168199253849 3.73143403620402 1.08644702295119 100 100 100 100 10.0468604778254 0.724885137458714 1 4.63889131029867
MarteinssonV6V4 nsubsurface 4e+07 134 281063.642969364 0.179561947395386 0.0650791580338386 0.179561947395386 0.252387649893759 0.125848159726191 0.598324830027284 0.13336075957136 0.280993948481765 0.114670914508204 5247 39.0028383227119 7.37348820421149 1.03938789445539 134 134 134 134 13.5233600513911 0.980613233390605 1 11.1617316587353
MarteinssonV6V4 nsubsurface 2.2e+08 121 240172.207988981 0.202675921857039 0.0600864224829157 0.202675921857039 0.290400843881857 0.139645675894237 0.586123875747825 0.130211070295052 0.306275534123635 0.137542933468325 4573 42.4686893041323 7.0444721317888 0.896980980356583 121 121 121 121 12.4854403280745 0.990241042549477 1 5.22040398742965
MarteinssonV6V4 nsubsurface 2.04e+08 156 251683.880231596 0.213864989245773 0.0438791248192354 0.213864989245773 0.254846430611961 0.12090651888402 0.565626664836292 0.105791073879853 0.333592628051699 0.146088975946173 5575 45.7934418382001 8.93618533266092 1.15720959779923 156 156 156 156 15.9401353457776 1.20673076464624 1 9.2494267353901
MarteinssonV6V4 nsubsurface 1.12e+08 122 267736.534886872 0.199599402003558 0.0565528930859215 0.199599402003558 0.262194807649353 0.130168748508912 0.579661181112919 0.125578774763729 0.331340956340956 0.144939027239898 5100 45.725051975052 7.80126317426921 0.979681045109569 122 122 122 122 12.5497801382274 0.983359467334221 1 6.14746414145091
Pedersen nsubsurface 1.026e+09 320 15486.1511657524 0.344431112751138 0.0760020166995828 0.344431112751138 0.282317225544507 0.174773360080681 0.68891773614426 0.163609723309118 0.11198807331404 0.0411173299828655 1277 20.2315180215733 6.3408230647171 1.82347403530267 320 320 320 320 34.1482096785195 2.99668032295631 1 8.9943656307114
Pedersen nsubsurface 6.86e+08 203 11160.7240891577 0.497608081212909 0.0342544859925814 0.497608081212909 0.337810772886671 0.219559670223393 0.617576345414326 0.126785240508578 0.34499875899727 0.143809145915986 1390 46.5624224373294 11.2808087169311 2.29245781747767 203 203 203 203 24.3336158434423 3.19813950630861 1 1.959160500905
